0	0
5e-08	0
1e-07	0
1.5e-07	0
2e-07	0
2.5e-07	0
3e-07	0
3.5e-07	0
4e-07	0
4.5e-07	0
5e-07	1
5.5e-07	1
6e-07	1
6.5e-07	1
7e-07	1
7.5e-07	1
8e-07	1
8.5e-07	1
9e-07	1
9.5e-07	1
1e-06	1
1.05e-06	1
1.1e-06	1
1.15e-06	1
1.2e-06	1
1.25e-06	1
1.3e-06	1
1.35e-06	1
1.4e-06	1
1.45e-06	1
1.5e-06	0
1.55e-06	0
1.6e-06	0
1.65e-06	0
1.7e-06	0
1.75e-06	0
1.8e-06	0
1.85e-06	0
1.9e-06	0
1.95e-06	0
2e-06	1
2.05e-06	1
2.1e-06	1
2.15e-06	1
2.2e-06	1
2.25e-06	1
2.3e-06	1
2.35e-06	1
2.4e-06	1
2.45e-06	1
2.5e-06	0
2.55e-06	0
2.6e-06	0
2.65e-06	0
2.7e-06	0
2.75e-06	0
2.8e-06	0
2.85e-06	0
2.9e-06	0
2.95e-06	0
3e-06	1
3.05e-06	1
3.1e-06	1
3.15e-06	1
3.2e-06	1
3.25e-06	1
3.3e-06	1
3.35e-06	1
3.4e-06	1
3.45e-06	1
3.5e-06	0
3.55e-06	0
3.6e-06	0
3.65e-06	0
3.7e-06	0
3.75e-06	0
3.8e-06	0
3.85e-06	0
3.9e-06	0
3.95e-06	0
4e-06	0
4.05e-06	0
4.1e-06	0
4.15e-06	0
4.2e-06	0
4.25e-06	0
4.3e-06	0
4.35e-06	0
4.4e-06	0
4.45e-06	0
4.5e-06	1
4.55e-06	1
4.6e-06	1
4.65e-06	1
4.7e-06	1
4.75e-06	1
4.8e-06	1
4.85e-06	1
4.9e-06	1
4.95e-06	1
5e-06	0
5.05e-06	0
5.1e-06	0
5.15e-06	0
5.2e-06	0
5.25e-06	0
5.3e-06	0
5.35e-06	0
5.4e-06	0
5.45e-06	0
5.5e-06	1
5.55e-06	1
5.6e-06	1
5.65e-06	1
5.7e-06	1
5.75e-06	1
5.8e-06	1
5.85e-06	1
5.9e-06	1
5.95e-06	1
6e-06	1
6.05e-06	1
6.1e-06	1
6.15e-06	1
6.2e-06	1
6.25e-06	1
6.3e-06	1
6.35e-06	1
6.4e-06	1
6.45e-06	1
6.5e-06	0
6.55e-06	0
6.6e-06	0
6.65e-06	0
6.7e-06	0
6.75e-06	0
6.8e-06	0
6.85e-06	0
6.9e-06	0
6.95e-06	0
7e-06	1
7.05e-06	1
7.1e-06	1
7.15e-06	1
7.2e-06	1
7.25e-06	1
7.3e-06	1
7.35e-06	1
7.4e-06	1
7.45e-06	1
7.5e-06	0
7.55e-06	0
7.6e-06	0
7.65e-06	0
7.7e-06	0
7.75e-06	0
7.8e-06	0
7.85e-06	0
7.9e-06	0
7.95e-06	0
8e-06	0
8.05e-06	0
8.1e-06	0
8.15e-06	0
8.2e-06	0
8.25e-06	0
8.3e-06	0
8.35e-06	0
8.4e-06	0
8.45e-06	0
8.5e-06	1
8.55e-06	1
8.6e-06	1
8.65e-06	1
8.7e-06	1
8.75e-06	1
8.8e-06	1
8.85e-06	1
8.9e-06	1
8.95e-06	1
9e-06	1
9.05e-06	1
9.1e-06	1
9.15e-06	1
9.2e-06	1
9.25e-06	1
9.3e-06	1
9.35e-06	1
9.4e-06	1
9.45e-06	1
9.5e-06	0
9.55e-06	0
9.6e-06	0
9.65e-06	0
9.7e-06	0
9.75e-06	0
9.8e-06	0
9.85e-06	0
9.9e-06	0
9.95e-06	0
1e-05	0
1.005e-05	0
1.01e-05	0
1.015e-05	0
1.02e-05	0
1.025e-05	0
1.03e-05	0
1.035e-05	0
1.04e-05	0
1.045e-05	0
1.05e-05	1
1.055e-05	1
1.06e-05	1
1.065e-05	1
1.07e-05	1
1.075e-05	1
1.08e-05	1
1.085e-05	1
1.09e-05	1
1.095e-05	1
1.1e-05	1
1.105e-05	1
1.11e-05	1
1.115e-05	1
1.12e-05	1
1.125e-05	1
1.13e-05	1
1.135e-05	1
1.14e-05	1
1.145e-05	1
1.15e-05	0
1.155e-05	0
1.16e-05	0
1.165e-05	0
1.17e-05	0
1.175e-05	0
1.18e-05	0
1.185e-05	0
1.19e-05	0
1.195e-05	0
1.2e-05	1
1.205e-05	1
1.21e-05	1
1.215e-05	1
1.22e-05	1
1.225e-05	1
1.23e-05	1
1.235e-05	1
1.24e-05	1
1.245e-05	1
1.25e-05	0
1.255e-05	0
1.26e-05	0
1.265e-05	0
1.27e-05	0
1.275e-05	0
1.28e-05	0
1.285e-05	0
1.29e-05	0
1.295e-05	0
1.3e-05	0
1.305e-05	0
1.31e-05	0
1.315e-05	0
1.32e-05	0
1.325e-05	0
1.33e-05	0
1.335e-05	0
1.34e-05	0
1.345e-05	0
1.35e-05	1
1.355e-05	1
1.36e-05	1
1.365e-05	1
1.37e-05	1
1.375e-05	1
1.38e-05	1
1.385e-05	1
1.39e-05	1
1.395e-05	1
1.4e-05	0
1.405e-05	0
1.41e-05	0
1.415e-05	0
1.42e-05	0
1.425e-05	0
1.43e-05	0
1.435e-05	0
1.44e-05	0
1.445e-05	0
1.45e-05	1
1.455e-05	1
1.46e-05	1
1.465e-05	1
1.47e-05	1
1.475e-05	1
1.48e-05	1
1.485e-05	1
1.49e-05	1
1.495e-05	1
1.5e-05	1
1.505e-05	1
1.51e-05	1
1.515e-05	1
1.52e-05	1
1.525e-05	1
1.53e-05	1
1.535e-05	1
1.54e-05	1
1.545e-05	1
1.55e-05	0
1.555e-05	0
1.56e-05	0
1.565e-05	0
1.57e-05	0
1.575e-05	0
1.58e-05	0
1.585e-05	0
1.59e-05	0
1.595e-05	0
1.6e-05	0
1.605e-05	0
1.61e-05	0
1.615e-05	0
1.62e-05	0
1.625e-05	0
1.63e-05	0
1.635e-05	0
1.64e-05	0
1.645e-05	0
1.65e-05	1
1.655e-05	1
1.66e-05	1
1.665e-05	1
1.67e-05	1
1.675e-05	1
1.68e-05	1
1.685e-05	1
1.69e-05	1
1.695e-05	1
1.7e-05	0
1.705e-05	0
1.71e-05	0
1.715e-05	0
1.72e-05	0
1.725e-05	0
1.73e-05	0
1.735e-05	0
1.74e-05	0
1.745e-05	0
1.75e-05	1
1.755e-05	1
1.76e-05	1
1.765e-05	1
1.77e-05	1
1.775e-05	1
1.78e-05	1
1.785e-05	1
1.79e-05	1
1.795e-05	1
1.8e-05	1
1.805e-05	1
1.81e-05	1
1.815e-05	1
1.82e-05	1
1.825e-05	1
1.83e-05	1
1.835e-05	1
1.84e-05	1
1.845e-05	1
1.85e-05	0
1.855e-05	0
1.86e-05	0
1.865e-05	0
1.87e-05	0
1.875e-05	0
1.88e-05	0
1.885e-05	0
1.89e-05	0
1.895e-05	0
1.9e-05	0
1.905e-05	0
1.91e-05	0
1.915e-05	0
1.92e-05	0
1.925e-05	0
1.93e-05	0
1.935e-05	0
1.94e-05	0
1.945e-05	0
1.95e-05	1
1.955e-05	1
1.96e-05	1
1.965e-05	1
1.97e-05	1
1.975e-05	1
1.98e-05	1
1.985e-05	1
1.99e-05	1
1.995e-05	1
2e-05	1
2.005e-05	1
2.01e-05	1
2.015e-05	1
2.02e-05	1
2.025e-05	1
2.03e-05	1
2.035e-05	1
2.04e-05	1
2.045e-05	1
2.05e-05	0
2.055e-05	0
2.06e-05	0
2.065e-05	0
2.07e-05	0
2.075e-05	0
2.08e-05	0
2.085e-05	0
2.09e-05	0
2.095e-05	0
2.1e-05	0
2.105e-05	0
2.11e-05	0
2.115e-05	0
2.12e-05	0
2.125e-05	0
2.13e-05	0
2.135e-05	0
2.14e-05	0
2.145e-05	0
2.15e-05	1
2.155e-05	1
2.16e-05	1
2.165e-05	1
2.17e-05	1
2.175e-05	1
2.18e-05	1
2.185e-05	1
2.19e-05	1
2.195e-05	1
2.2e-05	0
2.205e-05	0
2.21e-05	0
2.215e-05	0
2.22e-05	0
2.225e-05	0
2.23e-05	0
2.235e-05	0
2.24e-05	0
2.245e-05	0
2.25e-05	1
2.255e-05	1
2.26e-05	1
2.265e-05	1
2.27e-05	1
2.275e-05	1
2.28e-05	1
2.285e-05	1
2.29e-05	1
2.295e-05	1
2.3e-05	0
2.305e-05	0
2.31e-05	0
2.315e-05	0
2.32e-05	0
2.325e-05	0
2.33e-05	0
2.335e-05	0
2.34e-05	0
2.345e-05	0
2.35e-05	1
2.355e-05	1
2.36e-05	1
2.365e-05	1
2.37e-05	1
2.375e-05	1
2.38e-05	1
2.385e-05	1
2.39e-05	1
2.395e-05	1
2.4e-05	1
2.405e-05	1
2.41e-05	1
2.415e-05	1
2.42e-05	1
2.425e-05	1
2.43e-05	1
2.435e-05	1
2.44e-05	1
2.445e-05	1
2.45e-05	0
2.455e-05	0
2.46e-05	0
2.465e-05	0
2.47e-05	0
2.475e-05	0
2.48e-05	0
2.485e-05	0
2.49e-05	0
2.495e-05	0
2.5e-05	1
2.505e-05	1
2.51e-05	1
2.515e-05	1
2.52e-05	1
2.525e-05	1
2.53e-05	1
2.535e-05	1
2.54e-05	1
2.545e-05	1
2.55e-05	0
2.555e-05	0
2.56e-05	0
2.565e-05	0
2.57e-05	0
2.575e-05	0
2.58e-05	0
2.585e-05	0
2.59e-05	0
2.595e-05	0
2.6e-05	1
2.605e-05	1
2.61e-05	1
2.615e-05	1
2.62e-05	1
2.625e-05	1
2.63e-05	1
2.635e-05	1
2.64e-05	1
2.645e-05	1
2.65e-05	0
2.655e-05	0
2.66e-05	0
2.665e-05	0
2.67e-05	0
2.675e-05	0
2.68e-05	0
2.685e-05	0
2.69e-05	0
2.695e-05	0
2.7e-05	1
2.705e-05	1
2.71e-05	1
2.715e-05	1
2.72e-05	1
2.725e-05	1
2.73e-05	1
2.735e-05	1
2.74e-05	1
2.745e-05	1
2.75e-05	0
2.755e-05	0
2.76e-05	0
2.765e-05	0
2.77e-05	0
2.775e-05	0
2.78e-05	0
2.785e-05	0
2.79e-05	0
2.795e-05	0
2.8e-05	0
2.805e-05	0
2.81e-05	0
2.815e-05	0
2.82e-05	0
2.825e-05	0
2.83e-05	0
2.835e-05	0
2.84e-05	0
2.845e-05	0
2.85e-05	1
2.855e-05	1
2.86e-05	1
2.865e-05	1
2.87e-05	1
2.875e-05	1
2.88e-05	1
2.885e-05	1
2.89e-05	1
2.895e-05	1
2.9e-05	1
2.905e-05	1
2.91e-05	1
2.915e-05	1
2.92e-05	1
2.925e-05	1
2.93e-05	1
2.935e-05	1
2.94e-05	1
2.945e-05	1
2.95e-05	0
2.955e-05	0
2.96e-05	0
2.965e-05	0
2.97e-05	0
2.975e-05	0
2.98e-05	0
2.985e-05	0
2.99e-05	0
2.995e-05	0
3e-05	0
3.005e-05	0
3.01e-05	0
3.015e-05	0
3.02e-05	0
3.025e-05	0
3.03e-05	0
3.035e-05	0
3.04e-05	0
3.045e-05	0
3.05e-05	1
3.055e-05	1
3.06e-05	1
3.065e-05	1
3.07e-05	1
3.075e-05	1
3.08e-05	1
3.085e-05	1
3.09e-05	1
3.095e-05	1
3.1e-05	1
3.105e-05	1
3.11e-05	1
3.115e-05	1
3.12e-05	1
3.125e-05	1
3.13e-05	1
3.135e-05	1
3.14e-05	1
3.145e-05	1
3.15e-05	0
3.155e-05	0
3.16e-05	0
3.165e-05	0
3.17e-05	0
3.175e-05	0
3.18e-05	0
3.185e-05	0
3.19e-05	0
3.195e-05	0
3.2e-05	1
3.205e-05	1
3.21e-05	1
3.215e-05	1
3.22e-05	1
3.225e-05	1
3.23e-05	1
3.235e-05	1
3.24e-05	1
3.245e-05	1
3.25e-05	0
3.255e-05	0
3.26e-05	0
3.265e-05	0
3.27e-05	0
3.275e-05	0
3.28e-05	0
3.285e-05	0
3.29e-05	0
3.295e-05	0
3.3e-05	1
3.305e-05	1
3.31e-05	1
3.315e-05	1
3.32e-05	1
3.325e-05	1
3.33e-05	1
3.335e-05	1
3.34e-05	1
3.345e-05	1
3.35e-05	0
3.355e-05	0
3.36e-05	0
3.365e-05	0
3.37e-05	0
3.375e-05	0
3.38e-05	0
3.385e-05	0
3.39e-05	0
3.395e-05	0
3.4e-05	1
3.405e-05	1
3.41e-05	1
3.415e-05	1
3.42e-05	1
3.425e-05	1
3.43e-05	1
3.435e-05	1
3.44e-05	1
3.445e-05	1
3.45e-05	0
3.455e-05	0
3.46e-05	0
3.465e-05	0
3.47e-05	0
3.475e-05	0
3.48e-05	0
3.485e-05	0
3.49e-05	0
3.495e-05	0
3.5e-05	0
3.505e-05	0
3.51e-05	0
3.515e-05	0
3.52e-05	0
3.525e-05	0
3.53e-05	0
3.535e-05	0
3.54e-05	0
3.545e-05	0
3.55e-05	1
3.555e-05	1
3.56e-05	1
3.565e-05	1
3.57e-05	1
3.575e-05	1
3.58e-05	1
3.585e-05	1
3.59e-05	1
3.595e-05	1
3.6e-05	0
3.605e-05	0
3.61e-05	0
3.615e-05	0
3.62e-05	0
3.625e-05	0
3.63e-05	0
3.635e-05	0
3.64e-05	0
3.645e-05	0
3.65e-05	1
3.655e-05	1
3.66e-05	1
3.665e-05	1
3.67e-05	1
3.675e-05	1
3.68e-05	1
3.685e-05	1
3.69e-05	1
3.695e-05	1
3.7e-05	1
3.705e-05	1
3.71e-05	1
3.715e-05	1
3.72e-05	1
3.725e-05	1
3.73e-05	1
3.735e-05	1
3.74e-05	1
3.745e-05	1
3.75e-05	0
3.755e-05	0
3.76e-05	0
3.765e-05	0
3.77e-05	0
3.775e-05	0
3.78e-05	0
3.785e-05	0
3.79e-05	0
3.795e-05	0
3.8e-05	1
3.805e-05	1
3.81e-05	1
3.815e-05	1
3.82e-05	1
3.825e-05	1
3.83e-05	1
3.835e-05	1
3.84e-05	1
3.845e-05	1
3.85e-05	0
3.855e-05	0
3.86e-05	0
3.865e-05	0
3.87e-05	0
3.875e-05	0
3.88e-05	0
3.885e-05	0
3.89e-05	0
3.895e-05	0
3.9e-05	1
3.905e-05	1
3.91e-05	1
3.915e-05	1
3.92e-05	1
3.925e-05	1
3.93e-05	1
3.935e-05	1
3.94e-05	1
3.945e-05	1
3.95e-05	0
3.955e-05	0
3.96e-05	0
3.965e-05	0
3.97e-05	0
3.975e-05	0
3.98e-05	0
3.985e-05	0
3.99e-05	0
3.995e-05	0
4e-05	1
4.005e-05	1
4.01e-05	1
4.015e-05	1
4.02e-05	1
4.025e-05	1
4.03e-05	1
4.035e-05	1
4.04e-05	1
4.045e-05	1
4.05e-05	0
4.055e-05	0
4.06e-05	0
4.065e-05	0
4.07e-05	0
4.075e-05	0
4.08e-05	0
4.085e-05	0
4.09e-05	0
4.095e-05	0
4.1e-05	1
4.105e-05	1
4.11e-05	1
4.115e-05	1
4.12e-05	1
4.125e-05	1
4.13e-05	1
4.135e-05	1
4.14e-05	1
4.145e-05	1
4.15e-05	0
4.155e-05	0
4.16e-05	0
4.165e-05	0
4.17e-05	0
4.175e-05	0
4.18e-05	0
4.185e-05	0
4.19e-05	0
4.195e-05	0
4.2e-05	0
4.205e-05	0
4.21e-05	0
4.215e-05	0
4.22e-05	0
4.225e-05	0
4.23e-05	0
4.235e-05	0
4.24e-05	0
4.245e-05	0
4.25e-05	1
4.255e-05	1
4.26e-05	1
4.265e-05	1
4.27e-05	1
4.275e-05	1
4.28e-05	1
4.285e-05	1
4.29e-05	1
4.295e-05	1
4.3e-05	0
4.305e-05	0
4.31e-05	0
4.315e-05	0
4.32e-05	0
4.325e-05	0
4.33e-05	0
4.335e-05	0
4.34e-05	0
4.345e-05	0
4.35e-05	1
4.355e-05	1
4.36e-05	1
4.365e-05	1
4.37e-05	1
4.375e-05	1
4.38e-05	1
4.385e-05	1
4.39e-05	1
4.395e-05	1
4.4e-05	0
4.405e-05	0
4.41e-05	0
4.415e-05	0
4.42e-05	0
4.425e-05	0
4.43e-05	0
4.435e-05	0
4.44e-05	0
4.445e-05	0
4.45e-05	1
4.455e-05	1
4.46e-05	1
4.465e-05	1
4.47e-05	1
4.475e-05	1
4.48e-05	1
4.485e-05	1
4.49e-05	1
4.495e-05	1
4.5e-05	1
4.505e-05	1
4.51e-05	1
4.515e-05	1
4.52e-05	1
4.525e-05	1
4.53e-05	1
4.535e-05	1
4.54e-05	1
4.545e-05	1
4.55e-05	0
4.555e-05	0
4.56e-05	0
4.565e-05	0
4.57e-05	0
4.575e-05	0
4.58e-05	0
4.585e-05	0
4.59e-05	0
4.595e-05	0
4.6e-05	0
4.605e-05	0
4.61e-05	0
4.615e-05	0
4.62e-05	0
4.625e-05	0
4.63e-05	0
4.635e-05	0
4.64e-05	0
4.645e-05	0
4.65e-05	1
4.655e-05	1
4.66e-05	1
4.665e-05	1
4.67e-05	1
4.675e-05	1
4.68e-05	1
4.685e-05	1
4.69e-05	1
4.695e-05	1
4.7e-05	0
4.705e-05	0
4.71e-05	0
4.715e-05	0
4.72e-05	0
4.725e-05	0
4.73e-05	0
4.735e-05	0
4.74e-05	0
4.745e-05	0
4.75e-05	1
4.755e-05	1
4.76e-05	1
4.765e-05	1
4.77e-05	1
4.775e-05	1
4.78e-05	1
4.785e-05	1
4.79e-05	1
4.795e-05	1
4.8e-05	1
4.805e-05	1
4.81e-05	1
4.815e-05	1
4.82e-05	1
4.825e-05	1
4.83e-05	1
4.835e-05	1
4.84e-05	1
4.845e-05	1
4.85e-05	0
4.855e-05	0
4.86e-05	0
4.865e-05	0
4.87e-05	0
4.875e-05	0
4.88e-05	0
4.885e-05	0
4.89e-05	0
4.895e-05	0
4.9e-05	0
4.905e-05	0
4.91e-05	0
4.915e-05	0
4.92e-05	0
4.925e-05	0
4.93e-05	0
4.935e-05	0
4.94e-05	0
4.945e-05	0
4.95e-05	1
4.955e-05	1
4.96e-05	1
4.965e-05	1
4.97e-05	1
4.975e-05	1
4.98e-05	1
4.985e-05	1
4.99e-05	1
4.995e-05	1
5e-05	1
5.005e-05	1
5.01e-05	1
5.015e-05	1
5.02e-05	1
5.025e-05	1
5.03e-05	1
5.035e-05	1
5.04e-05	1
5.045e-05	1
5.05e-05	0
5.055e-05	0
5.06e-05	0
5.065e-05	0
5.07e-05	0
5.075e-05	0
5.08e-05	0
5.085e-05	0
5.09e-05	0
5.095e-05	0
5.1e-05	0
5.105e-05	0
5.11e-05	0
5.115e-05	0
5.12e-05	0
5.125e-05	0
5.13e-05	0
5.135e-05	0
5.14e-05	0
5.145e-05	0
5.15e-05	1
5.155e-05	1
5.16e-05	1
5.165e-05	1
5.17e-05	1
5.175e-05	1
5.18e-05	1
5.185e-05	1
5.19e-05	1
5.195e-05	1
5.2e-05	0
5.205e-05	0
5.21e-05	0
5.215e-05	0
5.22e-05	0
5.225e-05	0
5.23e-05	0
5.235e-05	0
5.24e-05	0
5.245e-05	0
5.25e-05	1
5.255e-05	1
5.26e-05	1
5.265e-05	1
5.27e-05	1
5.275e-05	1
5.28e-05	1
5.285e-05	1
5.29e-05	1
5.295e-05	1
5.3e-05	0
5.305e-05	0
5.31e-05	0
5.315e-05	0
5.32e-05	0
5.325e-05	0
5.33e-05	0
5.335e-05	0
5.34e-05	0
5.345e-05	0
5.35e-05	1
5.355e-05	1
5.36e-05	1
5.365e-05	1
5.37e-05	1
5.375e-05	1
5.38e-05	1
5.385e-05	1
5.39e-05	1
5.395e-05	1
5.4e-05	1
5.405e-05	1
5.41e-05	1
5.415e-05	1
5.42e-05	1
5.425e-05	1
5.43e-05	1
5.435e-05	1
5.44e-05	1
5.445e-05	1
5.45e-05	0
5.455e-05	0
5.46e-05	0
5.465e-05	0
5.47e-05	0
5.475e-05	0
5.48e-05	0
5.485e-05	0
5.49e-05	0
5.495e-05	0
5.5e-05	0
5.505e-05	0
5.51e-05	0
5.515e-05	0
5.52e-05	0
5.525e-05	0
5.53e-05	0
5.535e-05	0
5.54e-05	0
5.545e-05	0
5.55e-05	1
5.555e-05	1
5.56e-05	1
5.565e-05	1
5.57e-05	1
5.575e-05	1
5.58e-05	1
5.585e-05	1
5.59e-05	1
5.595e-05	1
5.6e-05	1
5.605e-05	1
5.61e-05	1
5.615e-05	1
5.62e-05	1
5.625e-05	1
5.63e-05	1
5.635e-05	1
5.64e-05	1
5.645e-05	1
5.65e-05	0
5.655e-05	0
5.66e-05	0
5.665e-05	0
5.67e-05	0
5.675e-05	0
5.68e-05	0
5.685e-05	0
5.69e-05	0
5.695e-05	0
5.7e-05	1
5.705e-05	1
5.71e-05	1
5.715e-05	1
5.72e-05	1
5.725e-05	1
5.73e-05	1
5.735e-05	1
5.74e-05	1
5.745e-05	1
5.75e-05	0
5.755e-05	0
5.76e-05	0
5.765e-05	0
5.77e-05	0
5.775e-05	0
5.78e-05	0
5.785e-05	0
5.79e-05	0
5.795e-05	0
5.8e-05	1
5.805e-05	1
5.81e-05	1
5.815e-05	1
5.82e-05	1
5.825e-05	1
5.83e-05	1
5.835e-05	1
5.84e-05	1
5.845e-05	1
5.85e-05	0
5.855e-05	0
5.86e-05	0
5.865e-05	0
5.87e-05	0
5.875e-05	0
5.88e-05	0
5.885e-05	0
5.89e-05	0
5.895e-05	0
5.9e-05	0
5.905e-05	0
5.91e-05	0
5.915e-05	0
5.92e-05	0
5.925e-05	0
5.93e-05	0
5.935e-05	0
5.94e-05	0
5.945e-05	0
5.95e-05	1
5.955e-05	1
5.96e-05	1
5.965e-05	1
5.97e-05	1
5.975e-05	1
5.98e-05	1
5.985e-05	1
5.99e-05	1
5.995e-05	1
6e-05	1
6.005e-05	1
6.01e-05	1
6.015e-05	1
6.02e-05	1
6.025e-05	1
6.03e-05	1
6.035e-05	1
6.04e-05	1
6.045e-05	1
6.05e-05	0
6.055e-05	0
6.06e-05	0
6.065e-05	0
6.07e-05	0
6.075e-05	0
6.08e-05	0
6.085e-05	0
6.09e-05	0
6.095e-05	0
6.1e-05	1
6.105e-05	1
6.11e-05	1
6.115e-05	1
6.12e-05	1
6.125e-05	1
6.13e-05	1
6.135e-05	1
6.14e-05	1
6.145e-05	1
6.15e-05	0
6.155e-05	0
6.16e-05	0
6.165e-05	0
6.17e-05	0
6.175e-05	0
6.18e-05	0
6.185e-05	0
6.19e-05	0
6.195e-05	0
6.2e-05	0
6.205e-05	0
6.21e-05	0
6.215e-05	0
6.22e-05	0
6.225e-05	0
6.23e-05	0
6.235e-05	0
6.24e-05	0
6.245e-05	0
6.25e-05	1
6.255e-05	1
6.26e-05	1
6.265e-05	1
6.27e-05	1
6.275e-05	1
6.28e-05	1
6.285e-05	1
6.29e-05	1
6.295e-05	1
6.3e-05	1
6.305e-05	1
6.31e-05	1
6.315e-05	1
6.32e-05	1
6.325e-05	1
6.33e-05	1
6.335e-05	1
6.34e-05	1
6.345e-05	1
6.35e-05	0
6.355e-05	0
6.36e-05	0
6.365e-05	0
6.37e-05	0
6.375e-05	0
6.38e-05	0
6.385e-05	0
6.39e-05	0
6.395e-05	0
6.4e-05	0
6.405e-05	0
6.41e-05	0
6.415e-05	0
6.42e-05	0
6.425e-05	0
6.43e-05	0
6.435e-05	0
6.44e-05	0
6.445e-05	0
6.45e-05	1
6.455e-05	1
6.46e-05	1
6.465e-05	1
6.47e-05	1
6.475e-05	1
6.48e-05	1
6.485e-05	1
6.49e-05	1
6.495e-05	1
6.5e-05	1
6.505e-05	1
6.51e-05	1
6.515e-05	1
6.52e-05	1
6.525e-05	1
6.53e-05	1
6.535e-05	1
6.54e-05	1
6.545e-05	1
6.55e-05	0
6.555e-05	0
6.56e-05	0
6.565e-05	0
6.57e-05	0
6.575e-05	0
6.58e-05	0
6.585e-05	0
6.59e-05	0
6.595e-05	0
6.6e-05	1
6.605e-05	1
6.61e-05	1
6.615e-05	1
6.62e-05	1
6.625e-05	1
6.63e-05	1
6.635e-05	1
6.64e-05	1
6.645e-05	1
6.65e-05	0
6.655e-05	0
6.66e-05	0
6.665e-05	0
6.67e-05	0
6.675e-05	0
6.68e-05	0
6.685e-05	0
6.69e-05	0
6.695e-05	0
6.7e-05	1
6.705e-05	1
6.71e-05	1
6.715e-05	1
6.72e-05	1
6.725e-05	1
6.73e-05	1
6.735e-05	1
6.74e-05	1
6.745e-05	1
6.75e-05	0
6.755e-05	0
6.76e-05	0
6.765e-05	0
6.77e-05	0
6.775e-05	0
6.78e-05	0
6.785e-05	0
6.79e-05	0
6.795e-05	0
6.8e-05	1
6.805e-05	1
6.81e-05	1
6.815e-05	1
6.82e-05	1
6.825e-05	1
6.83e-05	1
6.835e-05	1
6.84e-05	1
6.845e-05	1
6.85e-05	0
6.855e-05	0
6.86e-05	0
6.865e-05	0
6.87e-05	0
6.875e-05	0
6.88e-05	0
6.885e-05	0
6.89e-05	0
6.895e-05	0
6.9e-05	1
6.905e-05	1
6.91e-05	1
6.915e-05	1
6.92e-05	1
6.925e-05	1
6.93e-05	1
6.935e-05	1
6.94e-05	1
6.945e-05	1
6.95e-05	0
6.955e-05	0
6.96e-05	0
6.965e-05	0
6.97e-05	0
6.975e-05	0
6.98e-05	0
6.985e-05	0
6.99e-05	0
6.995e-05	0
7e-05	0
7.005e-05	0
7.01e-05	0
7.015e-05	0
7.02e-05	0
7.025e-05	0
7.03e-05	0
7.035e-05	0
7.04e-05	0
7.045e-05	0
7.05e-05	1
7.055e-05	1
7.06e-05	1
7.065e-05	1
7.07e-05	1
7.075e-05	1
7.08e-05	1
7.085e-05	1
7.09e-05	1
7.095e-05	1
7.1e-05	1
7.105e-05	1
7.11e-05	1
7.115e-05	1
7.12e-05	1
7.125e-05	1
7.13e-05	1
7.135e-05	1
7.14e-05	1
7.145e-05	1
7.15e-05	0
7.155e-05	0
7.16e-05	0
7.165e-05	0
7.17e-05	0
7.175e-05	0
7.18e-05	0
7.185e-05	0
7.19e-05	0
7.195e-05	0
7.2e-05	1
7.205e-05	1
7.21e-05	1
7.215e-05	1
7.22e-05	1
7.225e-05	1
7.23e-05	1
7.235e-05	1
7.24e-05	1
7.245e-05	1
7.25e-05	0
7.255e-05	0
7.26e-05	0
7.265e-05	0
7.27e-05	0
7.275e-05	0
7.28e-05	0
7.285e-05	0
7.29e-05	0
7.295e-05	0
7.3e-05	1
7.305e-05	1
7.31e-05	1
7.315e-05	1
7.32e-05	1
7.325e-05	1
7.33e-05	1
7.335e-05	1
7.34e-05	1
7.345e-05	1
7.35e-05	0
7.355e-05	0
7.36e-05	0
7.365e-05	0
7.37e-05	0
7.375e-05	0
7.38e-05	0
7.385e-05	0
7.39e-05	0
7.395e-05	0
7.4e-05	1
7.405e-05	1
7.41e-05	1
7.415e-05	1
7.42e-05	1
7.425e-05	1
7.43e-05	1
7.435e-05	1
7.44e-05	1
7.445e-05	1
7.45e-05	0
7.455e-05	0
7.46e-05	0
7.465e-05	0
7.47e-05	0
7.475e-05	0
7.48e-05	0
7.485e-05	0
7.49e-05	0
7.495e-05	0
7.5e-05	1
7.505e-05	1
7.51e-05	1
7.515e-05	1
7.52e-05	1
7.525e-05	1
7.53e-05	1
7.535e-05	1
7.54e-05	1
7.545e-05	1
7.55e-05	0
7.555e-05	0
7.56e-05	0
7.565e-05	0
7.57e-05	0
7.575e-05	0
7.58e-05	0
7.585e-05	0
7.59e-05	0
7.595e-05	0
7.6e-05	0
7.605e-05	0
7.61e-05	0
7.615e-05	0
7.62e-05	0
7.625e-05	0
7.63e-05	0
7.635e-05	0
7.64e-05	0
7.645e-05	0
7.65e-05	1
7.655e-05	1
7.66e-05	1
7.665e-05	1
7.67e-05	1
7.675e-05	1
7.68e-05	1
7.685e-05	1
7.69e-05	1
7.695e-05	1
7.7e-05	1
7.705e-05	1
7.71e-05	1
7.715e-05	1
7.72e-05	1
7.725e-05	1
7.73e-05	1
7.735e-05	1
7.74e-05	1
7.745e-05	1
7.75e-05	0
7.755e-05	0
7.76e-05	0
7.765e-05	0
7.77e-05	0
7.775e-05	0
7.78e-05	0
7.785e-05	0
7.79e-05	0
7.795e-05	0
7.8e-05	1
7.805e-05	1
7.81e-05	1
7.815e-05	1
7.82e-05	1
7.825e-05	1
7.83e-05	1
7.835e-05	1
7.84e-05	1
7.845e-05	1
7.85e-05	0
7.855e-05	0
7.86e-05	0
7.865e-05	0
7.87e-05	0
7.875e-05	0
7.88e-05	0
7.885e-05	0
7.89e-05	0
7.895e-05	0
7.9e-05	1
7.905e-05	1
7.91e-05	1
7.915e-05	1
7.92e-05	1
7.925e-05	1
7.93e-05	1
7.935e-05	1
7.94e-05	1
7.945e-05	1
7.95e-05	0
7.955e-05	0
7.96e-05	0
7.965e-05	0
7.97e-05	0
7.975e-05	0
7.98e-05	0
7.985e-05	0
7.99e-05	0
7.995e-05	0
8e-05	1
8.005e-05	1
8.01e-05	1
8.015e-05	1
8.02e-05	1
8.025e-05	1
8.03e-05	1
8.035e-05	1
8.04e-05	1
8.045e-05	1
8.05e-05	0
8.055e-05	0
8.06e-05	0
8.065e-05	0
8.07e-05	0
8.075e-05	0
8.08e-05	0
8.085e-05	0
8.09e-05	0
8.095e-05	0
8.1e-05	1
8.105e-05	1
8.11e-05	1
8.115e-05	1
8.12e-05	1
8.125e-05	1
8.13e-05	1
8.135e-05	1
8.14e-05	1
8.145e-05	1
8.15e-05	0
8.155e-05	0
8.16e-05	0
8.165e-05	0
8.17e-05	0
8.175e-05	0
8.18e-05	0
8.185e-05	0
8.19e-05	0
8.195e-05	0
8.2e-05	0
8.205e-05	0
8.21e-05	0
8.215e-05	0
8.22e-05	0
8.225e-05	0
8.23e-05	0
8.235e-05	0
8.24e-05	0
8.245e-05	0
8.25e-05	1
8.255e-05	1
8.26e-05	1
8.265e-05	1
8.27e-05	1
8.275e-05	1
8.28e-05	1
8.285e-05	1
8.29e-05	1
8.295e-05	1
8.3e-05	1
8.305e-05	1
8.31e-05	1
8.315e-05	1
8.32e-05	1
8.325e-05	1
8.33e-05	1
8.335e-05	1
8.34e-05	1
8.345e-05	1
8.35e-05	0
8.355e-05	0
8.36e-05	0
8.365e-05	0
8.37e-05	0
8.375e-05	0
8.38e-05	0
8.385e-05	0
8.39e-05	0
8.395e-05	0
8.4e-05	1
8.405e-05	1
8.41e-05	1
8.415e-05	1
8.42e-05	1
8.425e-05	1
8.43e-05	1
8.435e-05	1
8.44e-05	1
8.445e-05	1
8.45e-05	0
8.455e-05	0
8.46e-05	0
8.465e-05	0
8.47e-05	0
8.475e-05	0
8.48e-05	0
8.485e-05	0
8.49e-05	0
8.495e-05	0
8.5e-05	1
8.505e-05	1
8.51e-05	1
8.515e-05	1
8.52e-05	1
8.525e-05	1
8.53e-05	1
8.535e-05	1
8.54e-05	1
8.545e-05	1
8.55e-05	0
8.555e-05	0
8.56e-05	0
8.565e-05	0
8.57e-05	0
8.575e-05	0
8.58e-05	0
8.585e-05	0
8.59e-05	0
8.595e-05	0
8.6e-05	1
8.605e-05	1
8.61e-05	1
8.615e-05	1
8.62e-05	1
8.625e-05	1
8.63e-05	1
8.635e-05	1
8.64e-05	1
8.645e-05	1
8.65e-05	0
8.655e-05	0
8.66e-05	0
8.665e-05	0
8.67e-05	0
8.675e-05	0
8.68e-05	0
8.685e-05	0
8.69e-05	0
8.695e-05	0
8.7e-05	1
8.705e-05	1
8.71e-05	1
8.715e-05	1
8.72e-05	1
8.725e-05	1
8.73e-05	1
8.735e-05	1
8.74e-05	1
8.745e-05	1
8.75e-05	0
8.755e-05	0
8.76e-05	0
8.765e-05	0
8.77e-05	0
8.775e-05	0
8.78e-05	0
8.785e-05	0
8.79e-05	0
8.795e-05	0
8.8e-05	0
8.805e-05	0
8.81e-05	0
8.815e-05	0
8.82e-05	0
8.825e-05	0
8.83e-05	0
8.835e-05	0
8.84e-05	0
8.845e-05	0
8.85e-05	1
8.855e-05	1
8.86e-05	1
8.865e-05	1
8.87e-05	1
8.875e-05	1
8.88e-05	1
8.885e-05	1
8.89e-05	1
8.895e-05	1
8.9e-05	1
8.905e-05	1
8.91e-05	1
8.915e-05	1
8.92e-05	1
8.925e-05	1
8.93e-05	1
8.935e-05	1
8.94e-05	1
8.945e-05	1
8.95e-05	0
8.955e-05	0
8.96e-05	0
8.965e-05	0
8.97e-05	0
8.975e-05	0
8.98e-05	0
8.985e-05	0
8.99e-05	0
8.995e-05	0
9e-05	1
9.005e-05	1
9.01e-05	1
9.015e-05	1
9.02e-05	1
9.025e-05	1
9.03e-05	1
9.035e-05	1
9.04e-05	1
9.045e-05	1
9.05e-05	0
9.055e-05	0
9.06e-05	0
9.065e-05	0
9.07e-05	0
9.075e-05	0
9.08e-05	0
9.085e-05	0
9.09e-05	0
9.095e-05	0
9.1e-05	0
9.105e-05	0
9.11e-05	0
9.115e-05	0
9.12e-05	0
9.125e-05	0
9.13e-05	0
9.135e-05	0
9.14e-05	0
9.145e-05	0
9.15e-05	1
9.155e-05	1
9.16e-05	1
9.165e-05	1
9.17e-05	1
9.175e-05	1
9.18e-05	1
9.185e-05	1
9.19e-05	1
9.195e-05	1
9.2e-05	0
9.205e-05	0
9.21e-05	0
9.215e-05	0
9.22e-05	0
9.225e-05	0
9.23e-05	0
9.235e-05	0
9.24e-05	0
9.245e-05	0
9.25e-05	1
9.255e-05	1
9.26e-05	1
9.265e-05	1
9.27e-05	1
9.275e-05	1
9.28e-05	1
9.285e-05	1
9.29e-05	1
9.295e-05	1
9.3e-05	1
9.305e-05	1
9.31e-05	1
9.315e-05	1
9.32e-05	1
9.325e-05	1
9.33e-05	1
9.335e-05	1
9.34e-05	1
9.345e-05	1
9.35e-05	0
9.355e-05	0
9.36e-05	0
9.365e-05	0
9.37e-05	0
9.375e-05	0
9.38e-05	0
9.385e-05	0
9.39e-05	0
9.395e-05	0
9.4e-05	0
9.405e-05	0
9.41e-05	0
9.415e-05	0
9.42e-05	0
9.425e-05	0
9.43e-05	0
9.435e-05	0
9.44e-05	0
9.445e-05	0
9.45e-05	1
9.455e-05	1
9.46e-05	1
9.465e-05	1
9.47e-05	1
9.475e-05	1
9.48e-05	1
9.485e-05	1
9.49e-05	1
9.495e-05	1
9.5e-05	0
9.505e-05	0
9.51e-05	0
9.515e-05	0
9.52e-05	0
9.525e-05	0
9.53e-05	0
9.535e-05	0
9.54e-05	0
9.545e-05	0
9.55e-05	1
9.555e-05	1
9.56e-05	1
9.565e-05	1
9.57e-05	1
9.575e-05	1
9.58e-05	1
9.585e-05	1
9.59e-05	1
9.595e-05	1
9.6e-05	1
9.605e-05	1
9.61e-05	1
9.615e-05	1
9.62e-05	1
9.625e-05	1
9.63e-05	1
9.635e-05	1
9.64e-05	1
9.645e-05	1
9.65e-05	0
9.655e-05	0
9.66e-05	0
9.665e-05	0
9.67e-05	0
9.675e-05	0
9.68e-05	0
9.685e-05	0
9.69e-05	0
9.695e-05	0
9.7e-05	0
9.705e-05	0
9.71e-05	0
9.715e-05	0
9.72e-05	0
9.725e-05	0
9.73e-05	0
9.735e-05	0
9.74e-05	0
9.745e-05	0
9.75e-05	1
9.755e-05	1
9.76e-05	1
9.765e-05	1
9.77e-05	1
9.775e-05	1
9.78e-05	1
9.785e-05	1
9.79e-05	1
9.795e-05	1
9.8e-05	0
9.805e-05	0
9.81e-05	0
9.815e-05	0
9.82e-05	0
9.825e-05	0
9.83e-05	0
9.835e-05	0
9.84e-05	0
9.845e-05	0
9.85e-05	1
9.855e-05	1
9.86e-05	1
9.865e-05	1
9.87e-05	1
9.875e-05	1
9.88e-05	1
9.885e-05	1
9.89e-05	1
9.895e-05	1
9.9e-05	0
9.905e-05	0
9.91e-05	0
9.915e-05	0
9.92e-05	0
9.925e-05	0
9.93e-05	0
9.935e-05	0
9.94e-05	0
9.945e-05	0
9.95e-05	1
9.955e-05	1
9.96e-05	1
9.965e-05	1
9.97e-05	1
9.975e-05	1
9.98e-05	1
9.985e-05	1
9.99e-05	1
9.995e-05	1
0.0001	0
0.00010005	0
0.0001001	0
0.00010015	0
0.0001002	0
0.00010025	0
0.0001003	0
0.00010035	0
0.0001004	0
0.00010045	0
0.0001005	1
0.00010055	1
0.0001006	1
0.00010065	1
0.0001007	1
0.00010075	1
0.0001008	1
0.00010085	1
0.0001009	1
0.00010095	1
0.000101	0
0.00010105	0
0.0001011	0
0.00010115	0
0.0001012	0
0.00010125	0
0.0001013	0
0.00010135	0
0.0001014	0
0.00010145	0
0.0001015	1
0.00010155	1
0.0001016	1
0.00010165	1
0.0001017	1
0.00010175	1
0.0001018	1
0.00010185	1
0.0001019	1
0.00010195	1
0.000102	0
0.00010205	0
0.0001021	0
0.00010215	0
0.0001022	0
0.00010225	0
0.0001023	0
0.00010235	0
0.0001024	0
0.00010245	0
0.0001025	1
0.00010255	1
0.0001026	1
0.00010265	1
0.0001027	1
0.00010275	1
0.0001028	1
0.00010285	1
0.0001029	1
0.00010295	1
0.000103	0
0.00010305	0
0.0001031	0
0.00010315	0
0.0001032	0
0.00010325	0
0.0001033	0
0.00010335	0
0.0001034	0
0.00010345	0
0.0001035	1
0.00010355	1
0.0001036	1
0.00010365	1
0.0001037	1
0.00010375	1
0.0001038	1
0.00010385	1
0.0001039	1
0.00010395	1
0.000104	1
0.00010405	1
0.0001041	1
0.00010415	1
0.0001042	1
0.00010425	1
0.0001043	1
0.00010435	1
0.0001044	1
0.00010445	1
0.0001045	0
0.00010455	0
0.0001046	0
0.00010465	0
0.0001047	0
0.00010475	0
0.0001048	0
0.00010485	0
0.0001049	0
0.00010495	0
0.000105	1
0.00010505	1
0.0001051	1
0.00010515	1
0.0001052	1
0.00010525	1
0.0001053	1
0.00010535	1
0.0001054	1
0.00010545	1
0.0001055	0
0.00010555	0
0.0001056	0
0.00010565	0
0.0001057	0
0.00010575	0
0.0001058	0
0.00010585	0
0.0001059	0
0.00010595	0
0.000106	0
0.00010605	0
0.0001061	0
0.00010615	0
0.0001062	0
0.00010625	0
0.0001063	0
0.00010635	0
0.0001064	0
0.00010645	0
0.0001065	1
0.00010655	1
0.0001066	1
0.00010665	1
0.0001067	1
0.00010675	1
0.0001068	1
0.00010685	1
0.0001069	1
0.00010695	1
0.000107	0
0.00010705	0
0.0001071	0
0.00010715	0
0.0001072	0
0.00010725	0
0.0001073	0
0.00010735	0
0.0001074	0
0.00010745	0
0.0001075	1
0.00010755	1
0.0001076	1
0.00010765	1
0.0001077	1
0.00010775	1
0.0001078	1
0.00010785	1
0.0001079	1
0.00010795	1
0.000108	0
0.00010805	0
0.0001081	0
0.00010815	0
0.0001082	0
0.00010825	0
0.0001083	0
0.00010835	0
0.0001084	0
0.00010845	0
0.0001085	1
0.00010855	1
0.0001086	1
0.00010865	1
0.0001087	1
0.00010875	1
0.0001088	1
0.00010885	1
0.0001089	1
0.00010895	1
0.000109	0
0.00010905	0
0.0001091	0
0.00010915	0
0.0001092	0
0.00010925	0
0.0001093	0
0.00010935	0
0.0001094	0
0.00010945	0
0.0001095	1
0.00010955	1
0.0001096	1
0.00010965	1
0.0001097	1
0.00010975	1
0.0001098	1
0.00010985	1
0.0001099	1
0.00010995	1
0.00011	0
0.00011005	0
0.0001101	0
0.00011015	0
0.0001102	0
0.00011025	0
0.0001103	0
0.00011035	0
0.0001104	0
0.00011045	0
0.0001105	1
0.00011055	1
0.0001106	1
0.00011065	1
0.0001107	1
0.00011075	1
0.0001108	1
0.00011085	1
0.0001109	1
0.00011095	1
0.000111	1
0.00011105	1
0.0001111	1
0.00011115	1
0.0001112	1
0.00011125	1
0.0001113	1
0.00011135	1
0.0001114	1
0.00011145	1
0.0001115	0
0.00011155	0
0.0001116	0
0.00011165	0
0.0001117	0
0.00011175	0
0.0001118	0
0.00011185	0
0.0001119	0
0.00011195	0
