0	0
5e-08	0
1e-07	0
1.5e-07	0
2e-07	0
2.5e-07	0
3e-07	0
3.5e-07	0
4e-07	0
4.5e-07	0
5e-07	1
5.5e-07	1
6e-07	1
6.5e-07	1
7e-07	1
7.5e-07	1
8e-07	1
8.5e-07	1
9e-07	1
9.5e-07	1
1e-06	0
1.05e-06	0
1.1e-06	0
1.15e-06	0
1.2e-06	0
1.25e-06	0
1.3e-06	0
1.35e-06	0
1.4e-06	0
1.45e-06	0
1.5e-06	1
1.55e-06	1
1.6e-06	1
1.65e-06	1
1.7e-06	1
1.75e-06	1
1.8e-06	1
1.85e-06	1
1.9e-06	1
1.95e-06	1
2e-06	1
2.05e-06	1
2.1e-06	1
2.15e-06	1
2.2e-06	1
2.25e-06	1
2.3e-06	1
2.35e-06	1
2.4e-06	1
2.45e-06	1
2.5e-06	0
2.55e-06	0
2.6e-06	0
2.65e-06	0
2.7e-06	0
2.75e-06	0
2.8e-06	0
2.85e-06	0
2.9e-06	0
2.95e-06	0
3e-06	1
3.05e-06	1
3.1e-06	1
3.15e-06	1
3.2e-06	1
3.25e-06	1
3.3e-06	1
3.35e-06	1
3.4e-06	1
3.45e-06	1
3.5e-06	0
3.55e-06	0
3.6e-06	0
3.65e-06	0
3.7e-06	0
3.75e-06	0
3.8e-06	0
3.85e-06	0
3.9e-06	0
3.95e-06	0
4e-06	1
4.05e-06	1
4.1e-06	1
4.15e-06	1
4.2e-06	1
4.25e-06	1
4.3e-06	1
4.35e-06	1
4.4e-06	1
4.45e-06	1
4.5e-06	0
4.55e-06	0
4.6e-06	0
4.65e-06	0
4.7e-06	0
4.75e-06	0
4.8e-06	0
4.85e-06	0
4.9e-06	0
4.95e-06	0
5e-06	0
5.05e-06	0
5.1e-06	0
5.15e-06	0
5.2e-06	0
5.25e-06	0
5.3e-06	0
5.35e-06	0
5.4e-06	0
5.45e-06	0
5.5e-06	1
5.55e-06	1
5.6e-06	1
5.65e-06	1
5.7e-06	1
5.75e-06	1
5.8e-06	1
5.85e-06	1
5.9e-06	1
5.95e-06	1
6e-06	1
6.05e-06	1
6.1e-06	1
6.15e-06	1
6.2e-06	1
6.25e-06	1
6.3e-06	1
6.35e-06	1
6.4e-06	1
6.45e-06	1
6.5e-06	0
6.55e-06	0
6.6e-06	0
6.65e-06	0
6.7e-06	0
6.75e-06	0
6.8e-06	0
6.85e-06	0
6.9e-06	0
6.95e-06	0
7e-06	0
7.05e-06	0
7.1e-06	0
7.15e-06	0
7.2e-06	0
7.25e-06	0
7.3e-06	0
7.35e-06	0
7.4e-06	0
7.45e-06	0
7.5e-06	1
7.55e-06	1
7.6e-06	1
7.65e-06	1
7.7e-06	1
7.75e-06	1
7.8e-06	1
7.85e-06	1
7.9e-06	1
7.95e-06	1
8e-06	1
8.05e-06	1
8.1e-06	1
8.15e-06	1
8.2e-06	1
8.25e-06	1
8.3e-06	1
8.35e-06	1
8.4e-06	1
8.45e-06	1
8.5e-06	0
8.55e-06	0
8.6e-06	0
8.65e-06	0
8.7e-06	0
8.75e-06	0
8.8e-06	0
8.85e-06	0
8.9e-06	0
8.95e-06	0
9e-06	0
9.05e-06	0
9.1e-06	0
9.15e-06	0
9.2e-06	0
9.25e-06	0
9.3e-06	0
9.35e-06	0
9.4e-06	0
9.45e-06	0
9.5e-06	1
9.55e-06	1
9.6e-06	1
9.65e-06	1
9.7e-06	1
9.75e-06	1
9.8e-06	1
9.85e-06	1
9.9e-06	1
9.95e-06	1
1e-05	0
1.005e-05	0
1.01e-05	0
1.015e-05	0
1.02e-05	0
1.025e-05	0
1.03e-05	0
1.035e-05	0
1.04e-05	0
1.045e-05	0
1.05e-05	1
1.055e-05	1
1.06e-05	1
1.065e-05	1
1.07e-05	1
1.075e-05	1
1.08e-05	1
1.085e-05	1
1.09e-05	1
1.095e-05	1
1.1e-05	1
1.105e-05	1
1.11e-05	1
1.115e-05	1
1.12e-05	1
1.125e-05	1
1.13e-05	1
1.135e-05	1
1.14e-05	1
1.145e-05	1
1.15e-05	0
1.155e-05	0
1.16e-05	0
1.165e-05	0
1.17e-05	0
1.175e-05	0
1.18e-05	0
1.185e-05	0
1.19e-05	0
1.195e-05	0
1.2e-05	1
1.205e-05	1
1.21e-05	1
1.215e-05	1
1.22e-05	1
1.225e-05	1
1.23e-05	1
1.235e-05	1
1.24e-05	1
1.245e-05	1
1.25e-05	0
1.255e-05	0
1.26e-05	0
1.265e-05	0
1.27e-05	0
1.275e-05	0
1.28e-05	0
1.285e-05	0
1.29e-05	0
1.295e-05	0
1.3e-05	0
1.305e-05	0
1.31e-05	0
1.315e-05	0
1.32e-05	0
1.325e-05	0
1.33e-05	0
1.335e-05	0
1.34e-05	0
1.345e-05	0
1.35e-05	1
1.355e-05	1
1.36e-05	1
1.365e-05	1
1.37e-05	1
1.375e-05	1
1.38e-05	1
1.385e-05	1
1.39e-05	1
1.395e-05	1
1.4e-05	1
1.405e-05	1
1.41e-05	1
1.415e-05	1
1.42e-05	1
1.425e-05	1
1.43e-05	1
1.435e-05	1
1.44e-05	1
1.445e-05	1
1.45e-05	0
1.455e-05	0
1.46e-05	0
1.465e-05	0
1.47e-05	0
1.475e-05	0
1.48e-05	0
1.485e-05	0
1.49e-05	0
1.495e-05	0
1.5e-05	0
1.505e-05	0
1.51e-05	0
1.515e-05	0
1.52e-05	0
1.525e-05	0
1.53e-05	0
1.535e-05	0
1.54e-05	0
1.545e-05	0
1.55e-05	1
1.555e-05	1
1.56e-05	1
1.565e-05	1
1.57e-05	1
1.575e-05	1
1.58e-05	1
1.585e-05	1
1.59e-05	1
1.595e-05	1
1.6e-05	0
1.605e-05	0
1.61e-05	0
1.615e-05	0
1.62e-05	0
1.625e-05	0
1.63e-05	0
1.635e-05	0
1.64e-05	0
1.645e-05	0
1.65e-05	1
1.655e-05	1
1.66e-05	1
1.665e-05	1
1.67e-05	1
1.675e-05	1
1.68e-05	1
1.685e-05	1
1.69e-05	1
1.695e-05	1
1.7e-05	0
1.705e-05	0
1.71e-05	0
1.715e-05	0
1.72e-05	0
1.725e-05	0
1.73e-05	0
1.735e-05	0
1.74e-05	0
1.745e-05	0
1.75e-05	1
1.755e-05	1
1.76e-05	1
1.765e-05	1
1.77e-05	1
1.775e-05	1
1.78e-05	1
1.785e-05	1
1.79e-05	1
1.795e-05	1
1.8e-05	0
1.805e-05	0
1.81e-05	0
1.815e-05	0
1.82e-05	0
1.825e-05	0
1.83e-05	0
1.835e-05	0
1.84e-05	0
1.845e-05	0
1.85e-05	1
1.855e-05	1
1.86e-05	1
1.865e-05	1
1.87e-05	1
1.875e-05	1
1.88e-05	1
1.885e-05	1
1.89e-05	1
1.895e-05	1
1.9e-05	1
1.905e-05	1
1.91e-05	1
1.915e-05	1
1.92e-05	1
1.925e-05	1
1.93e-05	1
1.935e-05	1
1.94e-05	1
1.945e-05	1
1.95e-05	0
1.955e-05	0
1.96e-05	0
1.965e-05	0
1.97e-05	0
1.975e-05	0
1.98e-05	0
1.985e-05	0
1.99e-05	0
1.995e-05	0
2e-05	0
2.005e-05	0
2.01e-05	0
2.015e-05	0
2.02e-05	0
2.025e-05	0
2.03e-05	0
2.035e-05	0
2.04e-05	0
2.045e-05	0
2.05e-05	1
2.055e-05	1
2.06e-05	1
2.065e-05	1
2.07e-05	1
2.075e-05	1
2.08e-05	1
2.085e-05	1
2.09e-05	1
2.095e-05	1
2.1e-05	1
2.105e-05	1
2.11e-05	1
2.115e-05	1
2.12e-05	1
2.125e-05	1
2.13e-05	1
2.135e-05	1
2.14e-05	1
2.145e-05	1
2.15e-05	0
2.155e-05	0
2.16e-05	0
2.165e-05	0
2.17e-05	0
2.175e-05	0
2.18e-05	0
2.185e-05	0
2.19e-05	0
2.195e-05	0
2.2e-05	0
2.205e-05	0
2.21e-05	0
2.215e-05	0
2.22e-05	0
2.225e-05	0
2.23e-05	0
2.235e-05	0
2.24e-05	0
2.245e-05	0
2.25e-05	1
2.255e-05	1
2.26e-05	1
2.265e-05	1
2.27e-05	1
2.275e-05	1
2.28e-05	1
2.285e-05	1
2.29e-05	1
2.295e-05	1
2.3e-05	1
2.305e-05	1
2.31e-05	1
2.315e-05	1
2.32e-05	1
2.325e-05	1
2.33e-05	1
2.335e-05	1
2.34e-05	1
2.345e-05	1
2.35e-05	0
2.355e-05	0
2.36e-05	0
2.365e-05	0
2.37e-05	0
2.375e-05	0
2.38e-05	0
2.385e-05	0
2.39e-05	0
2.395e-05	0
2.4e-05	0
2.405e-05	0
2.41e-05	0
2.415e-05	0
2.42e-05	0
2.425e-05	0
2.43e-05	0
2.435e-05	0
2.44e-05	0
2.445e-05	0
2.45e-05	1
2.455e-05	1
2.46e-05	1
2.465e-05	1
2.47e-05	1
2.475e-05	1
2.48e-05	1
2.485e-05	1
2.49e-05	1
2.495e-05	1
2.5e-05	0
2.505e-05	0
2.51e-05	0
2.515e-05	0
2.52e-05	0
2.525e-05	0
2.53e-05	0
2.535e-05	0
2.54e-05	0
2.545e-05	0
2.55e-05	1
2.555e-05	1
2.56e-05	1
2.565e-05	1
2.57e-05	1
2.575e-05	1
2.58e-05	1
2.585e-05	1
2.59e-05	1
2.595e-05	1
2.6e-05	1
2.605e-05	1
2.61e-05	1
2.615e-05	1
2.62e-05	1
2.625e-05	1
2.63e-05	1
2.635e-05	1
2.64e-05	1
2.645e-05	1
2.65e-05	0
2.655e-05	0
2.66e-05	0
2.665e-05	0
2.67e-05	0
2.675e-05	0
2.68e-05	0
2.685e-05	0
2.69e-05	0
2.695e-05	0
2.7e-05	1
2.705e-05	1
2.71e-05	1
2.715e-05	1
2.72e-05	1
2.725e-05	1
2.73e-05	1
2.735e-05	1
2.74e-05	1
2.745e-05	1
2.75e-05	0
2.755e-05	0
2.76e-05	0
2.765e-05	0
2.77e-05	0
2.775e-05	0
2.78e-05	0
2.785e-05	0
2.79e-05	0
2.795e-05	0
2.8e-05	0
2.805e-05	0
2.81e-05	0
2.815e-05	0
2.82e-05	0
2.825e-05	0
2.83e-05	0
2.835e-05	0
2.84e-05	0
2.845e-05	0
2.85e-05	1
2.855e-05	1
2.86e-05	1
2.865e-05	1
2.87e-05	1
2.875e-05	1
2.88e-05	1
2.885e-05	1
2.89e-05	1
2.895e-05	1
2.9e-05	0
2.905e-05	0
2.91e-05	0
2.915e-05	0
2.92e-05	0
2.925e-05	0
2.93e-05	0
2.935e-05	0
2.94e-05	0
2.945e-05	0
2.95e-05	1
2.955e-05	1
2.96e-05	1
2.965e-05	1
2.97e-05	1
2.975e-05	1
2.98e-05	1
2.985e-05	1
2.99e-05	1
2.995e-05	1
3e-05	1
3.005e-05	1
3.01e-05	1
3.015e-05	1
3.02e-05	1
3.025e-05	1
3.03e-05	1
3.035e-05	1
3.04e-05	1
3.045e-05	1
3.05e-05	0
3.055e-05	0
3.06e-05	0
3.065e-05	0
3.07e-05	0
3.075e-05	0
3.08e-05	0
3.085e-05	0
3.09e-05	0
3.095e-05	0
3.1e-05	0
3.105e-05	0
3.11e-05	0
3.115e-05	0
3.12e-05	0
3.125e-05	0
3.13e-05	0
3.135e-05	0
3.14e-05	0
3.145e-05	0
3.15e-05	1
3.155e-05	1
3.16e-05	1
3.165e-05	1
3.17e-05	1
3.175e-05	1
3.18e-05	1
3.185e-05	1
3.19e-05	1
3.195e-05	1
3.2e-05	0
3.205e-05	0
3.21e-05	0
3.215e-05	0
3.22e-05	0
3.225e-05	0
3.23e-05	0
3.235e-05	0
3.24e-05	0
3.245e-05	0
3.25e-05	1
3.255e-05	1
3.26e-05	1
3.265e-05	1
3.27e-05	1
3.275e-05	1
3.28e-05	1
3.285e-05	1
3.29e-05	1
3.295e-05	1
3.3e-05	0
3.305e-05	0
3.31e-05	0
3.315e-05	0
3.32e-05	0
3.325e-05	0
3.33e-05	0
3.335e-05	0
3.34e-05	0
3.345e-05	0
3.35e-05	1
3.355e-05	1
3.36e-05	1
3.365e-05	1
3.37e-05	1
3.375e-05	1
3.38e-05	1
3.385e-05	1
3.39e-05	1
3.395e-05	1
3.4e-05	1
3.405e-05	1
3.41e-05	1
3.415e-05	1
3.42e-05	1
3.425e-05	1
3.43e-05	1
3.435e-05	1
3.44e-05	1
3.445e-05	1
3.45e-05	0
3.455e-05	0
3.46e-05	0
3.465e-05	0
3.47e-05	0
3.475e-05	0
3.48e-05	0
3.485e-05	0
3.49e-05	0
3.495e-05	0
3.5e-05	1
3.505e-05	1
3.51e-05	1
3.515e-05	1
3.52e-05	1
3.525e-05	1
3.53e-05	1
3.535e-05	1
3.54e-05	1
3.545e-05	1
3.55e-05	0
3.555e-05	0
3.56e-05	0
3.565e-05	0
3.57e-05	0
3.575e-05	0
3.58e-05	0
3.585e-05	0
3.59e-05	0
3.595e-05	0
3.6e-05	0
3.605e-05	0
3.61e-05	0
3.615e-05	0
3.62e-05	0
3.625e-05	0
3.63e-05	0
3.635e-05	0
3.64e-05	0
3.645e-05	0
3.65e-05	1
3.655e-05	1
3.66e-05	1
3.665e-05	1
3.67e-05	1
3.675e-05	1
3.68e-05	1
3.685e-05	1
3.69e-05	1
3.695e-05	1
3.7e-05	1
3.705e-05	1
3.71e-05	1
3.715e-05	1
3.72e-05	1
3.725e-05	1
3.73e-05	1
3.735e-05	1
3.74e-05	1
3.745e-05	1
3.75e-05	0
3.755e-05	0
3.76e-05	0
3.765e-05	0
3.77e-05	0
3.775e-05	0
3.78e-05	0
3.785e-05	0
3.79e-05	0
3.795e-05	0
3.8e-05	1
3.805e-05	1
3.81e-05	1
3.815e-05	1
3.82e-05	1
3.825e-05	1
3.83e-05	1
3.835e-05	1
3.84e-05	1
3.845e-05	1
3.85e-05	0
3.855e-05	0
3.86e-05	0
3.865e-05	0
3.87e-05	0
3.875e-05	0
3.88e-05	0
3.885e-05	0
3.89e-05	0
3.895e-05	0
3.9e-05	1
3.905e-05	1
3.91e-05	1
3.915e-05	1
3.92e-05	1
3.925e-05	1
3.93e-05	1
3.935e-05	1
3.94e-05	1
3.945e-05	1
3.95e-05	0
3.955e-05	0
3.96e-05	0
3.965e-05	0
3.97e-05	0
3.975e-05	0
3.98e-05	0
3.985e-05	0
3.99e-05	0
3.995e-05	0
4e-05	1
4.005e-05	1
4.01e-05	1
4.015e-05	1
4.02e-05	1
4.025e-05	1
4.03e-05	1
4.035e-05	1
4.04e-05	1
4.045e-05	1
4.05e-05	0
4.055e-05	0
4.06e-05	0
4.065e-05	0
4.07e-05	0
4.075e-05	0
4.08e-05	0
4.085e-05	0
4.09e-05	0
4.095e-05	0
4.1e-05	0
4.105e-05	0
4.11e-05	0
4.115e-05	0
4.12e-05	0
4.125e-05	0
4.13e-05	0
4.135e-05	0
4.14e-05	0
4.145e-05	0
4.15e-05	1
4.155e-05	1
4.16e-05	1
4.165e-05	1
4.17e-05	1
4.175e-05	1
4.18e-05	1
4.185e-05	1
4.19e-05	1
4.195e-05	1
4.2e-05	1
4.205e-05	1
4.21e-05	1
4.215e-05	1
4.22e-05	1
4.225e-05	1
4.23e-05	1
4.235e-05	1
4.24e-05	1
4.245e-05	1
4.25e-05	0
4.255e-05	0
4.26e-05	0
4.265e-05	0
4.27e-05	0
4.275e-05	0
4.28e-05	0
4.285e-05	0
4.29e-05	0
4.295e-05	0
4.3e-05	0
4.305e-05	0
4.31e-05	0
4.315e-05	0
4.32e-05	0
4.325e-05	0
4.33e-05	0
4.335e-05	0
4.34e-05	0
4.345e-05	0
4.35e-05	1
4.355e-05	1
4.36e-05	1
4.365e-05	1
4.37e-05	1
4.375e-05	1
4.38e-05	1
4.385e-05	1
4.39e-05	1
4.395e-05	1
4.4e-05	1
4.405e-05	1
4.41e-05	1
4.415e-05	1
4.42e-05	1
4.425e-05	1
4.43e-05	1
4.435e-05	1
4.44e-05	1
4.445e-05	1
4.45e-05	0
4.455e-05	0
4.46e-05	0
4.465e-05	0
4.47e-05	0
4.475e-05	0
4.48e-05	0
4.485e-05	0
4.49e-05	0
4.495e-05	0
4.5e-05	1
4.505e-05	1
4.51e-05	1
4.515e-05	1
4.52e-05	1
4.525e-05	1
4.53e-05	1
4.535e-05	1
4.54e-05	1
4.545e-05	1
4.55e-05	0
4.555e-05	0
4.56e-05	0
4.565e-05	0
4.57e-05	0
4.575e-05	0
4.58e-05	0
4.585e-05	0
4.59e-05	0
4.595e-05	0
4.6e-05	1
4.605e-05	1
4.61e-05	1
4.615e-05	1
4.62e-05	1
4.625e-05	1
4.63e-05	1
4.635e-05	1
4.64e-05	1
4.645e-05	1
4.65e-05	0
4.655e-05	0
4.66e-05	0
4.665e-05	0
4.67e-05	0
4.675e-05	0
4.68e-05	0
4.685e-05	0
4.69e-05	0
4.695e-05	0
4.7e-05	0
4.705e-05	0
4.71e-05	0
4.715e-05	0
4.72e-05	0
4.725e-05	0
4.73e-05	0
4.735e-05	0
4.74e-05	0
4.745e-05	0
4.75e-05	1
4.755e-05	1
4.76e-05	1
4.765e-05	1
4.77e-05	1
4.775e-05	1
4.78e-05	1
4.785e-05	1
4.79e-05	1
4.795e-05	1
4.8e-05	1
4.805e-05	1
4.81e-05	1
4.815e-05	1
4.82e-05	1
4.825e-05	1
4.83e-05	1
4.835e-05	1
4.84e-05	1
4.845e-05	1
4.85e-05	0
4.855e-05	0
4.86e-05	0
4.865e-05	0
4.87e-05	0
4.875e-05	0
4.88e-05	0
4.885e-05	0
4.89e-05	0
4.895e-05	0
4.9e-05	1
4.905e-05	1
4.91e-05	1
4.915e-05	1
4.92e-05	1
4.925e-05	1
4.93e-05	1
4.935e-05	1
4.94e-05	1
4.945e-05	1
4.95e-05	0
4.955e-05	0
4.96e-05	0
4.965e-05	0
4.97e-05	0
4.975e-05	0
4.98e-05	0
4.985e-05	0
4.99e-05	0
4.995e-05	0
5e-05	1
5.005e-05	1
5.01e-05	1
5.015e-05	1
5.02e-05	1
5.025e-05	1
5.03e-05	1
5.035e-05	1
5.04e-05	1
5.045e-05	1
5.05e-05	0
5.055e-05	0
5.06e-05	0
5.065e-05	0
5.07e-05	0
5.075e-05	0
5.08e-05	0
5.085e-05	0
5.09e-05	0
5.095e-05	0
5.1e-05	1
5.105e-05	1
5.11e-05	1
5.115e-05	1
5.12e-05	1
5.125e-05	1
5.13e-05	1
5.135e-05	1
5.14e-05	1
5.145e-05	1
5.15e-05	0
5.155e-05	0
5.16e-05	0
5.165e-05	0
5.17e-05	0
5.175e-05	0
5.18e-05	0
5.185e-05	0
5.19e-05	0
5.195e-05	0
5.2e-05	0
5.205e-05	0
5.21e-05	0
5.215e-05	0
5.22e-05	0
5.225e-05	0
5.23e-05	0
5.235e-05	0
5.24e-05	0
5.245e-05	0
5.25e-05	1
5.255e-05	1
5.26e-05	1
5.265e-05	1
5.27e-05	1
5.275e-05	1
5.28e-05	1
5.285e-05	1
5.29e-05	1
5.295e-05	1
5.3e-05	0
5.305e-05	0
5.31e-05	0
5.315e-05	0
5.32e-05	0
5.325e-05	0
5.33e-05	0
5.335e-05	0
5.34e-05	0
5.345e-05	0
5.35e-05	1
5.355e-05	1
5.36e-05	1
5.365e-05	1
5.37e-05	1
5.375e-05	1
5.38e-05	1
5.385e-05	1
5.39e-05	1
5.395e-05	1
5.4e-05	0
5.405e-05	0
5.41e-05	0
5.415e-05	0
5.42e-05	0
5.425e-05	0
5.43e-05	0
5.435e-05	0
5.44e-05	0
5.445e-05	0
5.45e-05	1
5.455e-05	1
5.46e-05	1
5.465e-05	1
5.47e-05	1
5.475e-05	1
5.48e-05	1
5.485e-05	1
5.49e-05	1
5.495e-05	1
5.5e-05	0
5.505e-05	0
5.51e-05	0
5.515e-05	0
5.52e-05	0
5.525e-05	0
5.53e-05	0
5.535e-05	0
5.54e-05	0
5.545e-05	0
5.55e-05	1
5.555e-05	1
5.56e-05	1
5.565e-05	1
5.57e-05	1
5.575e-05	1
5.58e-05	1
5.585e-05	1
5.59e-05	1
5.595e-05	1
